143896743345
162716684578
160382619913
122075233432
18767684300
138261493980
164120980132
113152821369
69564062208
911194416
88823048787
48117706952
162561134464
136850341640
129416359819
118629546815
163317163373
152999598232
161513162355
100348818671
128315328680
8882195356
159132378369
159980132764
158321582128
101504647048
162323018596
148245145778
480121792
92023523172
92743943610
161110731004
8549009396
2049160565
139688225232
30129789400
156462070583
100280634032
155141289966
161430924531
153221356498
6555030192
4555221432
83022678477
124146490639
120215601277
6078462640
163788829388
150134762615
155735893649
4119907424
4849450723
125736355171
72931530193
159433146362
86613555
4634831178
3974913114
18286243753
165874410343
584123643
3663175538
694309200
8108906780
3461183437
5265607138
106855690036
103856315707
2569527333
922502642
7635817
86427106856
154519811472
640352217
155890380245
5646617299
69424108514
97100198663
1294139888
3329880467
6274793775
69417558753
165035080933
145309588116
121109408574
5851963441
3843344251
8044006781
122927446674
163667500942
160872102048
159337874445
121244162727
388128197
162940510973
163576811846
98712901948
152955697898
161118024123
165071078389
157211267624
163525952843
1999863404
158217677855
62702263126
157670706543
164211133796
158200424197
158362385412
165594551800
165004028572
155276470999
6889756769
51168962816
121921301028
120105546587
146585618290
160147874359
163840704423
159330874580
1931816880
164921937987
2512513412
164736616897
95690609522
163672919237
1153028586
106899990273
158680482981
115042290723
163189439287
162663026314
1451127362
3492400850
155720632710
163158045192
162384353820
165941007678
8702322458
129231991305
165918072903
114156210306
361262829
716162229
49315309307
164787302534
148648446339
163907202876
3191810827
1320179781
89100141713
161658491000
4136467084
30605271110
12901423
155743477565
1469159967
6904962868
202845846
158408721784
144769302880
3531219095
651538044
54308337
165243216712
113976542879
162740521480
1907054346
150802562471
165180737349
100763114891
62088639685
6800948071
2369702113
165593486110
100257135010
63514742098
157718374004
161459296122
165645185634
142505157074
155257437176
208376115
6310495858
165031839805
149598779988
147576523935
1875130508
88951376081
148410680711
93390343229
143523702016
5920349387
153376539590
109389213937
148987941525
24587623283
1616510683
46574352916
165336865787
108527810475
5900501036
150200914777
3191660890
584674330
135609548835
150669544770
2095628461
122431848214
86497648964
120258800586
8148458499
142214552833
1866145
86503146449
9043972036
161732334685
2105928263
26896192413
3250641817
102430662447
164936863826
163975995020
165023262552
1690550036
160233548484
165116543433
158213719821
145124254208
51752997224
21273587276
158818749771
6746334846
153103105248
103369249992
138133162682
151886168818
1596808
158705291152
41436848
59257885859
136246462680
6913960271
618892091
57661751274
161184623958
87067285876
1297873951
120747643911
161535997834
83455810610
163564146352
769890084
164525968019
147009973415
82469786663
71068579016
110729184930
164400705110
157051370524
41333134852
158801765064
163410808761
165658921089
4451003940
149590153832
873278
8427653437
6513242092
2258403897
104322920965
164106439068
91401074664
21355930408
50993570015
99688157661
152415423779
158392370030
94696453795
152393479507
101147329204
164708326841
165787969910
164729839914
146363991171
136090266557
500122636
107931674585
18190117365
161573673967
44873801799
144162693815
7756191963
165667059992
35484009475
112493113472
143706386596
6244556850
105066237128
5983174399
150108938496
165336764015
7882709798
142011766501
2631457657
151054416540
1033228241
166246322675
9176439631
1943084
6582600344
2038618048
5803363218
86263678992
7661529704
1456981866
367008655
8050515577
156311561017
115492871
7027562687
2925815961
7230497806
165963011826
4952643382
5948650674
22345260
6463257001
1029739965
109779678614
162665033611
165192197579
61485830684
163584967346
22334476501
142631376448
152392154235
147074030552
18539032833
162097921804
139266451784
4673549456
142542036667
134550087104
109784046211
164200408115
159879795715
158636910823
163742418003
159101609160
150356126361
147561216158
80237691140
3608128497
163400932873
162701951221
88389851472
100976194813
133917894824
163094479773
165144307659
125408427633
4854949527
1502890899
59144936343
147634324497
49239133552
157519963306
115752455868
102562652831
3702182412
1006914325
140429074601
165797293610
88686106011
146635253426
158696269969
78043928525
159065782571
4730325064
161800821649
3310408482
153142867102
164137734828
163466399196
165484961974
137654816108
143960339726
5018662
162321661057
36800197704
152479172916
127797594836
161774970417
36583117360
162166733253
1986088
13284840
33206235542
39903400479
87017137174
130990088418
4811995100
165329475141
45799081060
165065165102
163345534300
165053714429
3158631
156251820923
68693819134
159462534942
94802703661
163803205471
116266341331
78010722076
95267913727
163817811827
36528055161
115434515706
157462647625
148073173873
7188031096
2378476
130688845205
157167527941
33967136
17358220702
3158651
156301320795
2095573460
473763195
9371650875
1540635
9842304
5030543
59140245
104740930152
58988072638
160765588249
118307378461
609832697
61126447287
4508938
1929149
165002984726
57696658399
251651775
163347979831
69753021711
112627576702
2289915739
1850884731
91330614749
146047389387
100766114564
7504349000
3025239413
79598206128
126586190270
6078462640
5414381075
7699467045
162557018336
142831713094
9678931
29992852
411733312
6346287231
100120102543
4062385338
181714272
75457035149
10071407534
675216510
8905076
80445020625
112227462509
384839017
57642724487
4676109408
180055150
100687826453
158813986318
2575236330
9553433
5642645633
120750504327
109724139967
8265033000
9998418
34252295644
40947106798
4140219946
142832550259
17400043
5084192753
75369420039
118747266662
2473760588
99346651743
52521339
8097875287
101471025285
7485230177
160401687722
71034030
6353077798
123065619593
160975148220
7341856177
165204659961
6884011021
15593774714
116595210486
36994489113
132263570898
139253868595
96891590912
153647522779
114452256664
46723734306
155409863464
137355412586
152831030762
163004010884
87646434739
135392676756
158119007184
25993747167
143817822139
153968144117
5301994374
160485083850
160809327575
41693227807
6021652509
32111590827
99870398916
163719807240
45913459
131910111527
65304609
62404325661
161325787812
104962423516
165186731206
119385301727
51035410129
165161025147
86013549691
153857992641
6056751169
144011043011
7894884026
590591454
131672475480
3777758472
130464435371
1958296
116626493461
126677146608
17552289
128655764772
2425555222
111915240039
683039227
143110131362
65442814970
86183562248
5765943823
132293905168
493962374
98524898157
84355164502
47354980878
98943191362
500230464
146686450234
24490888372
153570734250
159241138010
110571873965
162650601688
96696937501
6523744686
119148682844
160904867048
60427560334
81039990931
63875186783
155313021648
36951506910
101214806145
86184973846
6562393510
154940763290
160949945712
153863694321
161129213450
92998499925
100741940020
76623455776
153550463548
84352596500
137194617006
127833669181
98913718603
26441650524
86186408002
153976534899
95517966218
140238131375
26439754154
25239686408
153569051865
131735619739
154180970659
7166199359
87250475671
154871126187
157462526316
7214581646
2133177825
39211392159
157556092043
5785213918
57541221177
119117651243
148476531005
159124445397
125341674445
165175649348
2808055287
142397428649
163377019015
3169023132
86919447821
62370986
149553830558
735486337
96091754084
160615151461
35562984284
220842736
118926263843
3486997374
5868847029
5654013537
3025182550
165602609562
6654034799
5866151895
11298910
7224379485
2799427
1622466664
3539566511
753326055
6034494394
42598728954
3955634
7565073377
3694897983
7275113880
144115034887
1898592331
3645879771
1117564418
5852980156
92022644709
940805707
2840583964
6211353619
5868875152
3265969765
4575285559
480143842
20853697
5325171049
125931017788
4827881
2878207809
226262179
23623537
5983770930
3310768979
7686055
165765612075
161329835481
157018000862
77019478
75735010553
60161561901
156947275152
10478799
4000025285
9068716192
65243219467
100338821978
115439324584
1853320935
1096611424
165376009379
5966199731
154917835364
3916980952
2737943783
89843582863
164188761895
152014554761
5291881722
5658029427
158199224022
150764694245
132951477
5923143059
3031493609
57622717583
20439878875
2288829403
2060288025
4021613305
9266137279
8685691975
1040128280
5833939227
1212353532
98691434225
1170642544
2571392705
4673465923
70181148
164498937889
4112825049
312222876
6539596576
3540971880
668795320
593021107
6865201
1142416677
1017721762
365186699
152255991612
21483099
8132517596
3438036894
7567485
8689462815
155447389011
1131128484
118296689311
34512491561
128584432
68219866729
134168016
8969961793
5196826262
67427616
52087755789
8292197248
184787299
112525903
5881632828
146103827794
4592818480
5537684678
5812081924
8251795104
2522569836
2660791304
5811336443
1298969108
7567890
5803452598
3007453888
3307027104
18191342
2234213446
1823711982
474983921
88693152386
5518930697
76047699873
5816563127
85685565364
62415785145
139705034942
163798930821
4278273903
136052270346
2096371191
163819357961
154830686729
2688654
6904410443
2645814382
112510996816
148686340150
2876228544
150711702170
90616437260
134793976089
107506583642
104924755
121171303967
103168414131
155525885782
78010722076
5955145877
151124495759
162240665048
149461192284
8492722098
73799777473
135205503675
151580289604
89932911825
6750609940
110397623420
151544239736
104979006345
161023294746
140146373796
140205483729
135606543739
158758255313
151593934317
129050325242
1959730439
147323823094
117110740784
160326897404
83783791002
108385395089
136836995615
83794669189
59368632449
118867696521
108871363491
86278766950
86620902596
83831494838
86244228266
122940027976
101382861125
133006270818
145122173038
47378808656
154095810881
129165669816
143015451525
8792553960
160222852764
146288062556
90020781844
114739845220
153466455659
93291486174
148644734419
134017892065
137632789212
2510305673
14052735217
162104286071
118335153713
118781423346